16 0.449 0.8093093093093093 0.686 0.3813813813813814
1 0.152 0.8498498498498499 0.252 0.3003003003003003
1 0.52 0.8513513513513513 0.3 0.2972972972972973
1 0.69 0.8243243243243243 0.244 0.35135135135135137
1 0.666 0.7912912912912913 0.196 0.4174174174174174
1 0.236 0.6621621621621622 0.148 0.09309309309309309
1 0.381 0.6336336336336337 0.102 0.07807807807807808
4 0.398 0.44894894894894893 0.056 0.03903903903903904
4 0.401 0.3858858858858859 0.05 0.03903903903903904
4 0.394 0.35585585585585583 0.044 0.03303303303303303
