16 0.524 0.3893333333333333 0.1 0.09066666666666667
1 0.353 0.4093333333333333 0.038 0.08266666666666667
1 0.384 0.416 0.04 0.08533333333333333
1 0.415 0.492 0.126 0.17866666666666667
1 0.405 0.5853333333333334 0.154 0.2906666666666667
16 0.457 0.3893333333333333 0.106 0.021333333333333333
16 0.47 0.49066666666666664 0.12 0.18666666666666668
16 0.5 0.5413333333333333 0.152 0.224
16 0.543 0.5933333333333334 0.174 0.2693333333333333
16 0.201 0.48933333333333334 0.106 0.17866666666666667
16 0.196 0.524 0.116 0.20533333333333334
16 0.1 0.792 0.196 0.416
16 0.066 0.888 0.128 0.224
16 0.845 0.8893333333333333 0.31 0.22133333333333333
16 0.796 0.8106666666666666 0.408 0.37866666666666665
16 0.669 0.7386666666666667 0.294 0.4
1 0.506 0.832 0.308 0.336
7 0.679 0.26 0.122 0.16266666666666665
7 0.197 0.36533333333333334 0.146 0.37866666666666665
