4 0.585 0.6741741741741741 0.038 0.22522522522522523
4 0.539 0.6501501501501501 0.038 0.19519519519519518
4 0.5 0.6801801801801802 0.032 0.19519519519519518
4 0.485 0.7012012012012012 0.046 0.21921921921921922
1 0.175 0.7852852852852853 0.258 0.4294294294294294
1 0.711 0.7687687687687688 0.246 0.4624624624624625
16 0.466 0.8438438438438438 0.612 0.3123123123123123
0 0.318 0.6681681681681682 0.252 0.6636636636636637
0 0.788 0.6681681681681682 0.42 0.6576576576576577
1 0.123 0.8678678678678678 0.242 0.26426426426426425
