7 0.903 0.232 0.03 0.037333333333333336
7 0.877 0.228 0.038 0.050666666666666665
7 0.806 0.21066666666666667 0.04 0.09066666666666667
1 0.642 0.9213333333333333 0.06 0.152
1 0.587 0.92 0.058 0.13866666666666666
1 0.492 0.9106666666666666 0.056 0.152
1 0.338 0.9066666666666666 0.06 0.17066666666666666
1 0.399 0.864 0.05 0.08
1 0.894 0.8706666666666667 0.048 0.104
1 0.852 0.84 0.04 0.07466666666666667
1 0.956 0.8626666666666667 0.036 0.09333333333333334
1 0.926 0.8493333333333334 0.032 0.09866666666666667
13 0.822 0.7746666666666666 0.052 0.056
